1,
4,
6,
9,
14,
16,
19,
21,
24,
28,
30,
33,
35,
40,
41,
45,
46,
49,
50,
54,
58,
60,
63,
66,
69,
73,
76,
81,
84,
85,
89,
92,
93,
96,
97,
101,
106,
108,
111,
115,
118,
122,
127,
129,
133,
138,
142,
146,
148,
152,
154,
158,
162,
164,
165,
167,
170,
172,
173,
176,
177,
179,
184,
188,
189,
193,
195,
199,
201,
203,
208,
211,
214,
217,
219,
223,
227,
231,
234,
238,
240,
243,
245,
246,
247,
249,
252,
256,
260,
262,
267,
270,
272,
273,
275,
278,
281,
283,
284,
289,
290,
293,
294,
298,
300,
304,
307,
309,
313,
317,
322,
325,
328,
330,
332,
337,
341,
343,
346,
350,
355,
359,
363,
365,
367,
370,
373,
377,
379,
382,
384,
389,
392,
394,
398,
400,
403,
407,
410,
414,
416,
421,
423,
425,
430,
431,
434,
437,
440,
442,
446,
451,
455,
457,
460,
463,
466,
470,
472,
473,
474,
476,
478,
479,
481,
483,
484,
488,
492,
494,
497,
499,
502,
503,
507,
508,
510,
513,
515,
519,
522,
523,
527,
528,
532,
536,
539,
540,
545,
549,
551,
553,
558,
559,
564,
569,
572,
577,
580,
582,
585,
587,
589,
592,
597,
600,
603,
607,
608,
613,
617,
618,
620,
624,
627,
631,
633,
638,
640,
641,
644,
649,
650,
653,
658,
659,
661,
662,
666,
669,
671,
676,
680,
684,
687,
690,
694,
699,
702,
706,
709,
711,
713,
715,
716,
718,
722,
723,
724,
725,
728,
732,
736,
737,
741,
743,
745,
748,
751,
753,
754,
756,
758,
760,
764,
768,
770,
772,
775,
777,
779,
783,
787,
791,
796,
800,
804,
807,
812,
816,
820,
823,
825,
827,
829,
833,
835,
838,
842,
844,
847,
851,
855,
858,
859,
864,
868,
872,
875,
879,
881,
885,
886,
889,
890,
892,
894,
896,
898,
903,
905,
909,
913,
916,
920,
925,
928,
930,
933,
935,
940,
945,
949,
951,
952,
955,
959,
962,
967,
970,
972,
974,
978,
980,
981,
984,
986,
987,
988,
991,
992,
993,
996,
1001,
1003,
1006,
1007,
1010,
1011,
1015,
1019,
1023,
1026,
1028,
1031,
1035,
1036,
1038,
1039,
1042,
1047,
1050,
1051,
1054,
1056,
1059,
1063,
1067,
1069,
1073,
1078,
1082,
1086,
1090,
1094,
1097,
1101,
1104,
1107,
1110,
1111,
1115,
1118,
1122,
1125,
1128,
1132,
1134,
1138,
1139,
1140,
1141,
1143,
1146,
1148,
1153,
1155,
1158,
1162,
1167,
1170,
1173,
1175,
1180,
1182,
1185,
1189,
1192,
1196,
1199,
1202,
1206,
1210,
1214,
1218,
1222,
1223,
1227,
1231,
1232,
1235,
1237,
1239,
1240,
1244,
1247,
1250,
1255,
1256,
1257,
1261,
1262,
1267,
1269,
1270,
1272,
1275,
1276,
1278,
1279,
1281,
1286,
1289,
1293,
1295,
1298,
1301,
1304,
1308,
1312,
1316,
1317,
1320,
1323,
1326,
1330,
1334,
1337,
1340,
1343,
1347,
1350,
1354,
1358,
1360,
1362,
1367,
1369,
1371,
1376,
1380,
1381,
1383,
1385,
1389,
1391,
1393,
1396,
1401,
1404,
1407,
1412,
1415,
1419,
1421,
1422,
1426,
1428,
1431,
1434,
1435,
1439,
1443,
1445,
1448,
1450,
1454,
1457,
1459,
1461,
1465,
1467,
1470,
1472,
1474,
1479,
1483,
1484,
1488,
1490,
1492,
1497,
1499,
1502,
1505,
1509,
1512,
1515,
1519,
1523,
1525,
1527,
1530,
1535,
1538,
1540,
1541,
1543,
1546,
1550,
1554,
1558,
1563,
1565,
1568,
1572,
1574,
1578,
1581,
1584,
1585,
1589,
1592,
1595,
1598,
1600,
1602,
1604,
1609,
1613,
1615,
1620,
1623,
1627,
1632,
1636,
1641,
1646,
1650,
1654,
1655,
1656,
1660,
1664,
1666,
1671,
1674,
1677,
1680,
1684,
1688,
1689,
1691,
1693,
1694,
1697,
1701,
1704,
1707,
1708,
1712,
1714,
1718,
1720,
1722,
1724,
1726,
1727,
1731,
1733,
1736,
1737,
1742,
1745,
1748,
1751,
1755,
1758,
1760,
1763,
1767,
1771,
1773,
1776,
1780,
1782,
1785,
1788,
1793,
1797,
1801,
1802,
1803,
1808,
1811,
1813,
1818,
1822,
1826,
1830,
1832,
1834,
1838,
1841,
1842,
1845,
1847,
1851,
1852,
1856,
1858,
1862,
1865,
1867,
1872,
1874,
1875,
1879,
1882,
1883,
1886,
1888,
1891,
1895,
1897,
1900,
1905,
1907,
1910,
1914,
1918,
1919,
1922,
1925,
1928,
1931,
1933,
1935,
1937,
1939,
1942,
1946,
1949,
1953,
1957,
1962,
1965,
1968,
1971,
1973,
1975,
1979,
1983,
1986,
1988,
1992,
1996,
1998,
1999,
2003,
2007,
2012,
2016,
2020,
2022,
2025,
2028,
2031,
2034,
2039,
2043,
2047,
2049,
2051,
2053,
2055,
2059,
2062,
2064,
2068,
2070,
2074,
2077,
2078,
2079,
2084,
2087,
2089,
2094,
2099,
2103,
2105,
2109,
2110,
2112,
2115,
2119,
2122,
2124,
2126,
2130,
2134,
2136,
2139,
2143,
2146,
2149,
2151,
2155,
2156,
2158,
2163,
2165,
2166,
2167,
2168,
2169,
2170,
2172,
2175,
2177,
2181,
2184,
2187,
2191,
2195,
2196,
2198,
2203,
2207,
2210,
2211,
2216,
2219,
2221,
2225,
2227,
2231,
2235,
2240,
2243,
2245,
2248,
2249,
2251,
2253,
2255,
2258,
2262,
2266,
2268,
2269,
2270,
2272,
2274,
2277,
2280,
2285,
2287,
2291,
2294,
2298,
2303,
2305,
2307,
2312,
2316,
2318,
2323,
2327,
2331,
2335,
2337,
2341,
2342,
2343,
2344,
2349,
2353,
2355,
2359,
2360,
2364,
2368,
2371,
2374,
2376,
2380,
2384,
2386,
2387,
2390,
2394,
2397,
2401,
2406,
2411,
2412,
2414,
2415,
2418,
2422,
2424,
2428,
2429,
2433,
2435,
2436,
2438,
2443,
2448,
2453,
2456,
2461,
2465,
2469,
2471,
2473,
2477,
2479,
2482,
2483,
2486,
2488,
2490,
2492,
2494,
2497,
2498,
2500,
2503,
2504,
2508,
2510,
2513,
2516,
2521,
2524,
2525,
2526,
2531,
2535,
2536,
2540,
2542,
2545,
2548,
2551,
2555,
2556,
2557,
2559,
2561,
2562,
2566,
2568,
2572,
2575,
2578,
2580,
2583,
2587,
2591,
2595,
2598,
2602,
2603,
2605,
2610,
2614,
2617,
2618,
2619,
2622,
2624,
2628,
2630,
2632,
2636,
2639,
2642,
2646,
2649,
2653,
2658,
2662,
2664,
2667,
2670,
2673,
2676,
2678,
2682,
2686,
2687,
2689,
2694,
2696,
2699,
2703,
2705,
2707,
2711,
2716,
2719,
2722,
2724,
2727,
2730,
2733,
2737,
2738,
2741,
2744,
2745,
2748,
2751,
2755,
2759,
2764,
2769,
2774,
2779,
2782,
2783,
2785,
2788,
2790,
2794,
2798,
2802,
2805,
2809,
2812,
2814,
2816,
2818,
2821,
2823,
2828,
2830,
2832,
2836,
2839,
2843,
2847,
2850,
2852,
2855,
2857,
2858,
2860,
2865,
2868,
2873,
2876,
2879,
2880,
2881,
2883,
2886,
2888,
2890,
2895,
2897,
2900,
2904,
2907,
2910,
2911,
2916,
2919,
2920,
2924,
2927,
2931,
2935,
2937,
2940,
2945,
2949,
2952,
2955,
2959,
2962,
2965,
2968,
2970,
2973,
2977,
2981,
2985,
2989,
2993,
2998,
3001,
3004,
3007,
3010,
3015,
3017,
3018,
3020,
3025,
3028,
3030,
3034,
3036,
3037,
3039,
3041,
3043,
3044,
3046,
3048,
3050,
3054,
3057,
3061,
3063,
3066,
3071,
3073,
3078,
3079,
3082,
3085,
3086,
3091,
3093,
3096,
3100,
3104,
3108,
3110,
3111,
3114,
3119,
3122,
3125,
3128,
3130,
3132,
3136,
3138,
3139,
3141,
3143,
3145,
3148,
3149,
3150,
3153,
3156,
3158,
3160,
3165,
3168,
3170,
3171,
3172,
3174,
3176,
3178,
3181,
3186,
3189,
3192,
3194,
3196,
3200,
3204,
3206,
3210,
3214,
3217,
3220,
3224,
3228,
3232,
3237,
3241,
3244,
3245,
3247,
3249,
3253,
3258,
3262,
3266,
3270,
3271,
3276,
3277,
3278,
3283,
3284,
3285,
3287,
3291,
3294,
3296,
3300,
3304,
3307,
3311,
3313,
3316,
3318,
3320,
3324,
3329,
3333,
3338,
3342,
3344,
3345,
3349,
3353,
3354,
3359,
3363,
3365,
3368,
3372,
3373,
3378,
3380,
3382,
3387,
3390,
3392,
3393,
3398,
3401,
3405,
3407,
3408,
3410,
3412,
3413,
3415,
3418,
3420,
3423,
3426,
3428,
3430,
3433,
3436,
3439,
3443,
3446,
3450,
3454,
3457,
3459,
3463,
3467,
3471,
3475,
3476,
3481,
3486,
3490,
3495,
3500,
3504,
3506,
3511,
3514,
3515,
3516,
3520,
3524,
3526,
3529,
3532,
3534,
3539,
3542,
3544,
3546,
3550,
3554,
3558,
3560,
3561,
3564,
3567,
3568,
3571,
3576,
3578,
3580,
3581,
3585,
3589,
3591,
3593,
3594,
3595,
3600,
3601,
3604,
3606,
3610,
3615,
3619,
3622,
3625,
3629,
3634,
3638,
3642,
3643,
3648,
3652,
3655,
3659,
3663,
3667,
3671,
3673,
3675,
3677,
3680,
3683,
3686,
3688,
3690,
3693,
3695,
3699,
3702,
3705,
3709,
3711,
3714,
3715,
3719,
3721,
3726,
3728,
3730,
3732,
3733,
3738,
3739,
3743,
3745,
3749,
3752,
3755,
3759,
3763,
3765,
3767,
3768,
3771,
3772,
3774,
3776,
3781,
3783,
3787,
3791,
3795,
3799,
3800,
3805,
3809,
3811,
3812,
3815,
3818,
3821,
3824,
3826,
3828,
3830,
3835,
3840,
3841,
3842,
3843,
3847,
3851,
3854,
3856,
3858,
3860,
3864,
3869,
3871,
3873,
3878,
3880,
3885,
3889,
3894,
3895,
3899,
3901,
3903,
3907,
3910,
3914,
3915,
3916,
3921,
3924,
3926,
3928,
3931,
3935,
3937,
3941,
3945,
3948,
3952,
3957,
3960,
3962,
3964,
3966,
3971,
3973,
3976,
3978,
3981,
3986,
3990,
3994,
3995,
3996,
4001,
4003,
4005,
4007,
4011,
4013,
4017,
4020,
4022,
4026,
4031,
4035,
4037,
4041,
4042,
4046,
4050,
4053,
4054,
4056,
4060,
4063,
4066,
4070,
4075,
4076,
4080,
4085,
4087,
4091,
4092,
4096,
4097,
4100,
4101,
4104,
4106,
4110,
4111,
4114,
4118,
4121,
4122,
4124,
4125,
4128,
4132,
4134,
4137,
4141,
4145,
4149,
4151,
4153,
4155,
4158,
4160,
4161,
4166,
4168,
4169,
4173,
4176,
4178,
4180,
4183,
4185,
4186,
4188,
4192,
4195,
4196,
4200,
4202,
4206,
4211,
4216,
4219,
4223,
4226,
4231,
4235,
4237,
4241,
4245,
4247,
4250,
4251,
4255,
4258,
4261,
4265,
4270,
4273,
4275,
4279,
4283,
4286,
4290,
4292,
4297,
4299,
4302,
4305,
4307,
4311,
4315,
4317,
4320,
4323,
4328,
4332,
4335,
4338,
4341,
4344,
4349,
4352,
4353,
4358,
4360,
4364,
4365,
4370,
4373,
4378,
4380,
4384,
4388,
4392,
4394,
4396,
4398,
4401,
4405,
4406,
4409,
4413,
4416,
4417,
4422,
4424,
4427,
4430,
4435,
4437,
4440,
4441,
4443,
4445,
4449,
4453,
4457,
4462,
4464,
4467,
4472,
4474,
4479,
4482,
4486,
4487,
4490,
4494,
4496,
4498,
4500,
4505,
4507,
4510,
4514,
4519,